1607284146.159248 0.000023 -0.000043 -0.000035 0.000082 -0.000007 -0.000060 1.000000
1607284149.225956 0.111056 0.009034 0.031200 0.009518 -0.062387 -0.170786 0.983285
1607284151.295328 0.201591 -0.186591 0.063357 0.027283 -0.066864 -0.249679 0.965632
1607284152.349409 0.326282 -0.204396 0.052755 0.057446 0.003203 -0.367382 0.928289
1607284154.401779 0.393809 -0.275367 0.075138 0.038198 -0.081780 -0.376535 0.921995
1607284155.412062 0.348534 -0.450842 0.077818 0.048886 -0.116197 -0.374125 0.918770
1607284156.469349 0.416258 -0.533019 0.058878 0.079880 -0.088975 -0.416894 0.901056
1607284157.502499 0.576517 -0.576021 0.045599 0.093496 -0.029246 -0.415529 0.904289
1607284158.555309 0.582854 -0.674613 0.084532 0.076326 -0.063759 -0.361848 0.926917
1607284159.570618 0.499366 -0.755696 0.077277 0.062682 -0.137700 -0.386090 0.909969
1607284160.601870 0.547381 -0.838860 0.106308 0.073892 -0.118403 -0.475822 0.868398
1607284161.672546 0.625551 -0.890694 0.121805 0.082325 -0.108896 -0.526545 0.839115
1607284162.676699 0.607431 -0.946396 0.125137 0.075973 -0.127201 -0.517246 0.842915
1607284163.747507 0.522357 -1.026843 0.106636 0.107021 -0.140816 -0.505020 0.844792
1607284164.749020 0.596187 -1.063191 0.103843 0.090098 -0.098602 -0.521560 0.842695
1607284165.799919 0.714297 -1.151716 0.139357 0.075117 -0.100816 -0.530926 0.838040
1607284166.843559 0.683704 -1.162808 0.106405 0.063933 -0.126562 -0.408585 0.901639
1607284169.022648 0.753594 -1.270952 0.128546 0.063603 -0.116861 -0.438336 0.888909
1607284171.156521 0.808212 -1.338662 0.174928 0.076269 -0.117557 -0.517855 0.843913
1607284172.167530 0.690301 -1.428482 0.170092 0.041569 -0.155143 -0.574276 0.802751
1607284173.238192 0.715529 -1.461076 0.190733 0.080825 -0.131733 -0.630305 0.760808
1607284174.282801 0.767111 -1.502432 0.218262 0.100174 -0.109224 -0.684111 0.714162
1607284175.359600 0.735480 -1.513066 0.262096 0.031997 -0.132019 -0.714858 0.685949
1607284176.435701 0.651566 -1.534412 0.241213 0.010657 -0.122543 -0.751891 0.647711
1607284177.445141 0.644549 -1.578699 0.243319 0.053854 -0.110457 -0.798856 0.588837
1607284179.489983 0.648993 -1.626399 0.242276 0.080808 -0.076998 -0.854515 0.507292
1607284181.570936 0.669316 -1.548240 0.263652 -0.011324 0.094602 0.892677 -0.440510
1607284182.606230 0.666169 -1.533242 0.266789 -0.044696 0.069036 0.924881 -0.371258
1607284184.677488 0.601938 -1.475289 0.257892 -0.112423 0.032022 0.941053 -0.317420
1607284186.720829 0.650273 -1.518457 0.280073 -0.019001 0.052684 0.974792 -0.215974
1607284187.789791 0.693981 -1.497502 0.299553 0.035164 0.061219 0.981466 -0.178160
1607284188.821072 0.677673 -1.466952 0.271710 -0.042813 0.041585 0.987214 -0.147807
1607284189.890799 0.635700 -1.426926 0.248025 -0.100532 0.026852 0.984334 -0.142334
1607284192.961245 0.534100 -1.462054 0.252825 -0.006941 0.035253 0.998688 -0.036489
1607284193.999958 0.535003 -1.482870 0.244546 -0.033054 0.018530 0.999151 0.016184
1607284196.063467 0.562715 -1.496884 0.217891 -0.124199 0.013864 0.991872 0.023921
1607284198.178637 0.619827 -1.485684 0.249778 -0.036373 0.018866 0.997443 -0.058546
1607284199.193115 0.658450 -1.404176 0.250531 -0.035376 0.033185 0.991770 -0.118490
1607284200.211695 0.672580 -1.333620 0.220861 -0.111689 0.037139 0.986998 -0.109463
1607284201.261395 0.670997 -1.315498 0.192390 -0.150247 0.038224 0.986232 -0.057550
1607284203.345078 0.675465 -1.383351 0.204899 -0.108045 0.032927 0.993600 -0.001103
1607284205.436968 0.675781 -1.325214 0.196124 -0.127112 0.035953 0.988288 0.076405
1607284207.492819 0.712543 -1.189953 0.176394 -0.110333 0.025766 0.992101 0.053833
1607284208.534748 0.730808 -1.132188 0.195444 -0.044344 0.027364 0.998415 0.021282
1607284210.671223 0.759306 -1.038229 0.142206 -0.143242 0.026505 0.988885 0.029751
1607284212.752178 0.826752 -1.021350 0.127943 -0.194025 0.051012 0.978459 0.048686
1607284213.818840 0.864616 -1.034122 0.151766 -0.177809 0.047431 0.981900 0.044791
1607284214.903374 0.876743 -1.037693 0.171327 -0.113511 0.049068 0.990635 0.057881
1607284215.972147 0.892085 -1.042700 0.186428 -0.070801 0.024964 0.987513 0.138498
1607284217.043739 0.857095 -0.974874 0.170040 -0.136093 0.027017 0.983360 0.117270
1607284218.055593 0.854614 -0.910841 0.186285 -0.100132 0.033068 0.992197 0.066518
1607284219.113762 0.839200 -0.883068 0.201056 -0.029767 0.052737 0.997856 0.024842
1607284221.221512 0.725146 -0.848450 0.173296 -0.131705 0.043989 0.985767 -0.094776
1607284222.261765 0.735183 -0.782242 0.209932 -0.048055 0.073531 0.983247 -0.159715
1607284224.391895 0.613398 -0.914469 0.180252 -0.100653 0.049292 0.974771 -0.193030
1607284225.462631 0.568885 -0.850461 0.173500 -0.107244 0.057759 0.943051 -0.309545
1607284226.526516 0.551150 -0.764456 0.191243 -0.036251 0.113162 0.917312 -0.380024
1607284228.592150 0.612643 -0.722205 0.192981 -0.071313 0.086003 0.890840 -0.440366
1607284229.611784 0.530914 -0.669675 0.166587 0.106422 -0.083178 -0.851100 0.507330
1607284230.694212 0.526375 -0.732259 0.186501 -0.053924 0.107509 0.860884 -0.494382
1607284231.759537 0.508365 -0.735814 0.190044 0.006415 -0.142268 -0.830100 0.539123
1607284232.760818 0.439796 -0.699775 0.164400 0.046804 -0.138006 -0.784266 0.603067
1607284234.836637 0.493888 -0.696048 0.156648 0.085549 -0.088677 -0.811866 0.570694
1607284235.861866 0.411791 -0.655693 0.155501 0.020781 -0.130416 -0.724498 0.676507
1607284236.911278 0.381401 -0.615707 0.134697 0.046378 -0.126487 -0.678884 0.721780
1607284238.989988 0.435533 -0.634064 0.065933 0.039435 -0.099202 -0.630677 0.768668
1607284241.107750 0.395368 -0.479327 0.073951 0.033556 -0.097841 -0.582200 0.806440
1607284242.139269 0.372572 -0.372221 0.086621 -0.008923 -0.132814 -0.584232 0.800596
1607284244.220762 0.305783 -0.358009 0.075919 0.030246 -0.085765 -0.432359 0.897104
1607284245.278835 0.260974 -0.267296 0.152815 -0.006183 -0.089821 -0.368478 0.925266
1607284246.318817 0.267856 -0.251335 0.176337 -0.017468 -0.135390 -0.305737 0.942279
1607284250.504295 0.193041 -0.224520 0.174989 -0.069737 -0.126391 -0.324911 0.934663
1607284252.622150 0.054734 -0.044425 0.094910 -0.000953 -0.066177 -0.338430 0.938661
1607284253.679678 -0.073577 -0.032447 0.050029 0.018962 -0.021679 -0.270933 0.962167
1607284254.744970 -0.135663 0.013115 0.066109 -0.022625 -0.093961 -0.247382 0.964086
1607284255.838528 -0.167573 0.115936 0.078590 -0.031012 -0.161435 -0.256627 0.952428
1607284256.872215 -0.255147 0.086743 0.056274 -0.017496 -0.135901 -0.151408 0.978928
1607284257.875484 -0.282691 0.062038 0.034309 -0.017312 -0.064838 -0.083707 0.994228
1607284261.139160 -0.402369 0.142115 0.048878 -0.026347 -0.127720 -0.071639 0.988869
1607284263.273216 -0.532628 0.079172 0.030052 -0.032884 -0.123158 0.012610 0.991762
1607284264.306829 -0.606712 0.129263 0.030134 -0.051629 -0.052303 -0.014843 0.997185
1607284267.450045 -0.750505 0.133068 -0.001210 -0.032952 -0.134417 0.024788 0.990067
1607284268.531263 -0.900164 0.124666 -0.012454 -0.060886 -0.057833 0.033857 0.995893
1607284269.643625 -0.998199 0.195646 -0.038218 -0.069816 0.009008 0.014355 0.997416
1607284271.797054 -1.206115 0.104157 -0.035250 -0.060713 -0.096710 0.080704 0.990176
1607284272.844353 -1.305275 0.052176 -0.033218 -0.047009 -0.147427 0.108024 0.982032
1607284273.885345 -1.387406 0.083827 -0.072713 -0.060567 -0.064078 0.122067 0.988598
1607284275.994135 -1.496770 -0.088962 -0.064711 -0.072717 -0.022761 0.228790 0.970489
1607284277.047297 -1.546072 -0.131194 -0.103275 -0.073088 0.024586 0.160735 0.983981
1607284278.060186 -1.645704 -0.178136 -0.074853 -0.086325 -0.083659 0.195867 0.973235
1607284279.136715 -1.678491 -0.461188 -0.042797 -0.061343 -0.072010 0.249596 0.963719
1607284280.214039 -1.715255 -0.432443 -0.026209 -0.082417 -0.020419 0.167591 0.982193
1607284282.301634 -1.775377 -0.649804 -0.035761 -0.071118 -0.008742 0.248220 0.966050
1607284284.385958 -1.984460 -0.770395 -0.004553 -0.068498 -0.129495 0.261867 0.953921
1607284285.474344 -2.018411 -0.806809 -0.003306 -0.097616 -0.035313 0.311875 0.944435
1607284287.603865 -2.131805 -0.944861 -0.072419 -0.079045 -0.024718 0.325616 0.941868
1607284288.681555 -2.202390 -0.921660 -0.338760 -0.042932 -0.153758 0.266595 0.950496
1607284289.691483 -2.221893 -1.031732 -0.334005 -0.052193 -0.058865 0.270139 0.959602
1607284291.809574 -2.265705 -1.118194 -0.353207 -0.042069 -0.019597 0.183307 0.981960
1607284293.916203 -2.251568 -1.235546 -0.356662 0.003102 -0.087859 0.087715 0.992259
1607284294.999701 -2.045003 -1.261165 -0.355145 -0.054396 -0.029587 0.012056 0.998008
1607284296.062176 -1.993692 -1.470846 -0.316540 -0.061720 -0.055352 0.166643 0.982526
1607284297.089060 -2.127353 -1.607383 -0.292319 -0.039973 -0.179032 0.171264 0.967997
1607284298.170984 -2.050162 -1.776783 -0.299012 -0.034183 -0.045752 0.060425 0.996538
1607284299.241961 -2.013491 -1.901666 -0.312416 -0.001864 0.006297 0.011969 0.999907
1607284300.267904 -1.989083 -1.904586 -0.280956 -0.047543 -0.133779 -0.063044 0.987861
1607284301.380793 -1.923909 -2.083930 -0.294080 -0.049181 -0.028448 0.058269 0.996683
1607284302.497925 -1.839395 -2.122553 -0.248468 -0.067563 -0.050346 0.002040 0.996442
1607284303.501514 -1.788786 -2.221659 -0.205901 -0.074593 -0.101582 0.059658 0.990231
1607284304.565439 -1.710380 -2.277638 -0.166009 -0.050764 -0.066027 -0.017187 0.996377
1607284305.673235 -1.683912 -2.261666 -0.136534 -0.053044 -0.138721 -0.193014 0.969891
1607284306.711769 -1.631871 -2.392495 -0.119175 -0.028056 -0.041204 -0.224407 0.973220
1607284307.761997 -1.605155 -2.372406 -0.116730 -0.038535 -0.142215 -0.356854 0.922467
1607284308.791773 -1.565205 -2.358897 -0.116684 0.036985 -0.032497 -0.440750 0.896279
1607284310.931370 -1.555029 -2.424575 -0.082195 -0.012155 -0.131885 -0.581189 0.802918
1607284311.993246 -1.549933 -2.395795 -0.096370 0.105963 -0.043579 -0.675785 0.728140
1607284313.062498 -1.613007 -2.339416 -0.081907 0.037659 -0.112153 -0.704560 0.699713
1607284314.133677 -1.698671 -2.253322 -0.102028 0.073034 -0.105483 -0.752209 0.646313
1607284315.225689 -1.707518 -2.216606 -0.145254 0.197103 -0.043270 -0.780066 0.592263
1607284316.279978 -1.690006 -2.170956 -0.120899 0.102187 -0.106398 -0.843831 0.515933
1607284317.313681 -1.715696 -2.139245 -0.119277 -0.030467 0.122448 0.925135 -0.358056
1607284318.324375 -1.728529 -2.147564 -0.133944 -0.129227 0.105451 0.935106 -0.312662
1607284319.326389 -1.739193 -2.161254 -0.105202 0.022071 0.120283 0.905151 -0.407120
1607284320.353973 -1.685930 -2.254818 -0.091383 -0.004807 -0.103784 -0.811422 0.575152
1607284321.424166 -1.657636 -2.419723 -0.128208 0.116270 -0.043174 -0.751099 0.648435
1607284322.475729 -1.607746 -2.474381 -0.059892 -0.019017 -0.124387 -0.667336 0.734049
1607284323.537437 -1.642622 -2.542106 -0.068847 -0.033927 -0.177892 -0.547249 0.817142
1607284324.610641 -1.571464 -2.538597 -0.043310 -0.055997 -0.163171 -0.640002 0.748757
1607284325.652027 -1.535760 -2.552677 -0.029285 -0.077447 -0.147972 -0.680475 0.713485
1607284326.702223 -1.525330 -2.564664 -0.038877 -0.070994 -0.130268 -0.666279 0.730796
1607284327.706158 -1.453995 -2.555010 -0.010929 -0.065767 -0.129612 -0.588008 0.795690
1607284328.722240 -1.472206 -2.653672 -0.132234 -0.026944 -0.032730 -0.429204 0.902212
1607284330.794899 -1.385202 -2.826664 -0.137001 0.052903 0.048786 -0.457648 0.886216
1607284331.864904 -1.309475 -2.881555 -0.046192 -0.039847 -0.136460 -0.415096 0.898602
1607284332.965960 -1.285203 -3.155192 -0.102889 -0.008728 -0.031381 -0.293752 0.955326
1607284334.066404 -1.121262 -3.260953 -0.078514 -0.008447 0.011080 -0.272863 0.961952
1607284335.089624 -1.026462 -3.414188 -0.013567 -0.016975 -0.158995 -0.211438 0.964223
1607284336.139122 -0.914078 -3.438287 0.010083 -0.059013 -0.124644 -0.108369 0.984499
1607284337.170523 -0.750118 -3.490565 0.029686 -0.061724 0.000771 -0.033435 0.997533
1607284338.306538 -0.653627 -3.513093 0.064860 0.011820 -0.040490 0.072613 0.996468
1607284339.332518 -0.616941 -3.494704 0.081658 0.004692 -0.119652 0.095381 0.988212
1607284340.401974 -0.567895 -3.416302 0.084210 -0.063042 -0.103713 0.123137 0.984940
1607284342.486109 -0.398172 -3.448418 0.084631 -0.076782 -0.018865 0.177568 0.980927
1607284343.491837 -0.321741 -3.504040 0.113091 -0.043699 -0.106284 0.150486 0.981910
1607284344.542730 -0.150719 -3.467461 0.115558 -0.066223 -0.124789 0.118039 0.982908
1607284345.596796 0.023286 -3.462559 0.139783 -0.100616 -0.052617 0.207400 0.971645
1607284346.632500 0.160315 -3.464746 0.169526 -0.082713 -0.035505 0.219658 0.971416
1607284347.702345 0.230355 -3.195483 0.206326 -0.121048 -0.073765 0.199298 0.969632
1607284348.775829 0.213539 -3.016181 0.271121 -0.084946 -0.083380 0.320291 0.939812
1607284349.793861 0.422074 -3.075765 0.320453 -0.090171 -0.040845 0.399672 0.911298
1607284350.803789 0.521825 -2.963199 0.364843 -0.097057 -0.034565 0.484692 0.868596
1607284352.020828 0.758580 -2.947356 0.425306 -0.075254 -0.025777 0.483260 0.871855
1607284353.083576 0.623116 -2.831541 0.333255 -0.037039 -0.068513 0.756676 0.649134
1607284354.154228 0.625277 -2.768330 0.319403 -0.136324 0.005383 0.865356 0.482231
1607284355.182547 0.655215 -2.755337 0.353322 -0.072279 -0.004914 0.932618 0.353518
1607284356.244663 0.691698 -2.732888 0.351220 0.003532 -0.014662 0.961377 0.274822
1607284357.281252 0.702452 -2.638020 0.311294 -0.143133 0.005091 0.966790 0.211670
1607284358.356407 0.736589 -2.570935 0.321819 -0.149174 0.016492 0.980450 0.127254
1607284359.420759 0.738088 -2.617917 0.344649 -0.029049 0.015085 0.984245 0.173756
1607284360.501633 0.625322 -2.689460 0.300206 -0.137139 0.028096 0.952580 0.270176
1607284361.517765 0.602127 -2.801214 0.315861 -0.026571 0.002435 0.947815 0.317702
1607284362.602127 0.548685 -2.869316 0.297060 -0.082814 0.021821 0.928467 0.361407
1607284363.717670 0.413354 -2.921660 0.250331 -0.123925 0.027951 0.901033 0.414730
1607284364.742876 0.329485 -3.038120 0.283339 -0.044243 -0.040775 0.914777 0.399454
1607284365.786499 0.329091 -3.041351 0.304185 -0.070760 -0.038579 0.908245 0.410605
1607284366.863516 0.554771 -2.868187 0.337801 -0.089710 -0.013032 0.928733 0.359496
1607284367.929972 0.618434 -2.701232 0.299649 -0.138621 0.012853 0.950447 0.277973
1607284369.024710 0.715423 -2.573650 0.339551 -0.060779 -0.011224 0.976521 0.206367
1607284370.064674 0.854729 -2.398048 0.343912 -0.047785 0.005623 0.991861 0.117882
1607284371.082363 0.800292 -2.222330 0.290803 -0.131169 -0.001430 0.990398 0.043642
1607284372.172691 0.809916 -2.050449 0.304377 -0.089764 -0.003314 0.993724 -0.066669
1607284373.205441 0.819584 -1.923858 0.330184 -0.070272 0.004143 0.995227 -0.067581
1607284374.264875 0.703389 -1.825416 0.264756 -0.151705 -0.000635 0.987866 -0.033259
1607284375.289860 0.743946 -1.668715 0.283501 -0.128672 0.014676 0.977214 -0.168168
1607284376.358978 0.821577 -1.600243 0.317898 -0.090568 0.003392 0.984296 -0.151484
1607284379.514828 0.718519 -1.433738 0.237015 -0.095760 0.046014 0.975926 -0.190475
1607284380.596821 0.570644 -1.341251 0.222235 -0.093993 0.037821 0.965329 -0.240573
1607284381.684361 0.545768 -1.177708 0.219437 -0.091541 0.049312 0.937576 -0.331873
1607284382.694914 0.623614 -1.138414 0.239711 -0.088300 0.011849 0.957976 -0.272663
1607284383.941862 0.590390 -1.093592 0.244356 -0.056810 0.039466 0.934403 -0.349436
1607284385.016733 0.535192 -1.064284 0.198250 -0.124660 0.023606 0.885522 -0.446939
1607284386.109562 0.451345 -1.039545 0.184625 0.065775 -0.060354 -0.854412 0.511870
1607284387.139893 0.394126 -1.015536 0.153496 0.070238 -0.079473 -0.770619 0.628408
1607284389.320007 0.349093 -0.980677 0.140450 0.077057 -0.073249 -0.710352 0.695771
1607284391.456701 0.295715 -1.044999 0.117733 0.025786 -0.106825 -0.774994 0.622340
1607289377.142126 0.103416 -1.096622 -0.141338 0.073874 0.131408 0.907238 -0.392676
1607289380.218809 0.105742 -1.098393 -0.137721 0.022286 0.093743 0.914825 -0.392186
1607289381.233049 0.118435 -1.100549 -0.045466 -0.037817 0.081844 0.944443 -0.316067
1607289383.274670 0.062437 -1.123759 0.018991 -0.124762 0.102249 0.941963 -0.294422
1607289384.281023 0.049374 -1.079674 0.149939 -0.164456 0.043961 0.932650 -0.318097
1607289385.285946 0.060770 -1.034349 0.273509 -0.167540 0.059038 0.951559 -0.250961
1607289387.358343 0.134942 -1.029643 0.291484 -0.107365 0.115482 0.896517 -0.413998
1607289388.372721 0.419174 -1.030751 0.350463 0.063874 -0.149306 -0.847936 0.504611
1607289389.401842 0.618041 -1.001385 0.424935 0.049646 -0.179197 -0.785851 0.589798
1607289390.402296 0.829834 -1.044300 0.376936 -0.033633 0.126896 0.892474 -0.431575
1607289391.417185 0.800939 -0.938551 0.309237 -0.062105 0.072865 0.927538 -0.361259
1607289392.510107 0.705013 -0.854753 0.292859 -0.051600 -0.002138 0.959202 -0.277964
1607289393.585911 0.630406 -0.810391 0.290013 -0.061629 -0.018856 0.979074 -0.193032
1607289394.645000 0.574148 -0.777463 0.290987 -0.115636 -0.000365 0.991962 -0.051379
1607289395.645660 0.527618 -0.736226 0.272790 -0.158573 0.013354 0.986609 0.035765
1607289397.714460 0.635268 -0.674790 0.279344 -0.150422 0.017912 0.984193 -0.091743
1607289398.814386 0.747078 -0.786030 0.304347 -0.150060 0.010968 0.981620 -0.117404
1607289399.887957 0.806808 -0.878091 0.333551 -0.150263 0.021377 0.969925 -0.190288
1607289400.888395 0.786915 -1.010077 0.326952 -0.134422 0.021166 0.960966 -0.240888
1607289401.946056 0.832511 -1.209859 0.354588 -0.131471 0.025963 0.977936 -0.160259
1607289402.966326 0.910801 -1.310048 0.356674 -0.111375 0.033364 0.955086 -0.272566
1607289403.969688 0.945338 -1.308759 0.373429 -0.081280 0.065609 0.916626 -0.385857
1607289405.071180 0.898291 -1.215125 0.352580 0.064967 -0.105267 -0.821152 0.557143
1607289406.094046 0.933889 -1.201780 0.345546 0.059417 -0.136718 -0.734646 0.661871
1607289407.123016 0.942203 -1.191010 0.355981 0.065236 -0.132852 -0.645543 0.749246
1607289408.165277 0.954895 -1.174242 0.335093 0.048671 -0.144014 -0.556090 0.817102
1607289410.316433 1.105072 -1.127030 0.507617 0.030972 -0.112207 -0.505038 0.855212
1607289411.343639 1.145734 -1.118713 0.512303 0.037594 -0.112710 -0.451939 0.884101
1607289412.457125 1.156573 -1.116762 0.468497 0.057618 -0.050528 -0.412571 0.907696
1607289413.468164 1.155416 -1.119429 0.437307 0.072719 0.000088 -0.411831 0.908354
1607289415.492052 1.127126 -1.129484 0.436118 0.052323 -0.034497 -0.486607 0.871370
1607289416.509552 1.089204 -1.146212 0.449348 0.019017 -0.091361 -0.526383 0.845111
1607289417.575607 1.151851 -1.176917 0.490336 0.012901 -0.090301 -0.595509 0.798153
1607289418.626228 1.185602 -1.295431 0.494984 0.057176 -0.034744 -0.699763 0.711235
1607289419.641380 1.133766 -1.344783 0.476565 0.097763 -0.025201 -0.768309 0.632066
1607289420.693636 0.986652 -1.389624 0.471107 0.055728 -0.066844 -0.813302 0.575296
1607289421.769831 0.880187 -1.360986 0.470664 -0.007321 0.096747 0.870343 -0.482793
1607289422.849483 0.852238 -1.407057 0.445154 -0.050761 0.054395 0.937932 -0.338744
1607289423.899578 0.841466 -1.444617 0.415099 -0.121962 0.029989 0.954677 -0.269847
1607289424.905434 0.863813 -1.474722 0.380569 -0.202556 -0.003543 0.958628 -0.199979
1607289425.906376 0.867032 -1.332163 0.390958 -0.109293 0.009788 0.971655 -0.209392
1607289426.969656 0.845150 -1.252597 0.399503 -0.044569 0.035403 0.988595 -0.139430
1607289428.012714 0.799246 -1.168545 0.393501 -0.069944 0.033083 0.996687 -0.025087
1607289429.020847 0.775315 -1.091921 0.401423 -0.051883 0.026520 0.997081 0.049340
1607289430.061035 0.781347 -1.046348 0.409424 0.019053 0.032331 0.993217 0.110056
1607289431.111727 0.762923 -1.026968 0.380804 -0.093796 0.030286 0.978461 0.181380
1607289432.178217 0.724825 -1.114640 0.348541 -0.180073 0.042836 0.937017 0.296205
1607289434.252390 0.775626 -1.075938 0.316635 -0.186204 0.064163 0.885961 0.419863
1607289435.315701 0.804071 -1.033055 0.287517 -0.145052 0.092739 0.760694 0.625862
1607289436.402946 0.772128 -1.092421 0.327730 -0.066016 0.020815 0.691336 0.719210
1607289437.460497 0.746533 -1.132522 0.362491 -0.013637 -0.035154 0.697898 0.715204
1607289438.511454 0.744497 -1.140626 0.380020 0.030138 -0.083688 0.712579 0.695930
1607289439.564974 0.746922 -1.121846 0.338106 -0.088701 -0.005345 0.700751 0.707850
1607289440.586521 0.687141 -1.050793 0.274241 -0.162012 0.079590 0.678942 0.711657
1607289441.658623 0.617795 -1.127010 0.271611 -0.155939 0.091929 0.555166 0.811803
1607289442.691133 0.678931 -1.109988 0.283991 -0.153175 0.120908 0.480450 0.855036
1607289443.730927 0.784449 -1.136600 0.318089 -0.096170 0.072225 0.560685 0.819248
1607289444.741945 0.698776 -1.177600 0.296465 -0.026198 0.028202 0.486493 0.872836
1607289445.772587 0.674843 -1.186776 0.292987 -0.068286 0.054501 0.421647 0.902541
1607289446.802830 0.694495 -1.198220 0.282890 -0.082525 0.135077 0.369417 0.915683
1607289448.870382 0.717290 -1.225577 0.310026 -0.011076 -0.004755 0.312039 0.949993
1607289449.876976 0.705162 -1.223151 0.290009 0.012009 -0.076849 0.322298 0.943437
1607289450.933578 0.708372 -1.098691 0.341530 -0.112893 0.122468 0.437070 0.883870
1607289451.956350 0.714420 -1.086967 0.307727 -0.168135 0.145972 0.566585 0.793350
1607289452.963942 0.715159 -1.102375 0.315460 -0.118310 0.075034 0.681193 0.718574
1607289454.025732 0.596324 -1.137904 0.308257 -0.085638 0.011337 0.706163 0.702760
1607289455.094767 0.591162 -1.103495 0.262774 -0.172805 0.053985 0.822043 0.539879
1607289456.160860 0.719093 -1.117481 0.262398 -0.222738 0.043467 0.922169 0.313213
1607289457.169611 0.771360 -1.117310 0.307175 -0.110977 0.035486 0.975770 0.185199
1607289458.231014 0.756455 -1.049776 0.282471 -0.147552 0.027881 0.988304 0.026585
1607289459.292702 0.722733 -1.041884 0.264654 -0.214789 -0.004796 0.976601 -0.009619
1607289460.320793 0.673360 -1.020137 0.241313 -0.156545 -0.027161 0.986078 -0.049057
1607289461.386305 0.667353 -0.951310 0.265301 -0.047292 -0.002828 0.994391 -0.094564
1607289462.437876 0.660110 -0.860262 0.231912 0.007057 0.040030 0.971048 -0.235402
1607289463.450617 0.715574 -0.917890 0.242586 -0.135637 0.017728 0.941725 -0.307315
1607289464.459673 0.757700 -0.894793 0.236033 -0.229210 -0.009692 0.923562 -0.307249
1607289465.560419 0.705796 -0.743471 0.255557 -0.061695 0.052722 0.927804 -0.364136
1607289466.566427 0.806037 -0.702149 0.300043 -0.014314 0.078936 0.936033 -0.342647
1607289467.610291 0.800903 -0.635881 0.285617 -0.109449 0.022843 0.877789 -0.465817
1607289468.699078 0.767640 -0.600559 0.270468 0.163273 -0.000505 -0.818733 0.550470
1607289469.751331 0.773106 -0.699454 0.328425 0.075080 -0.065557 -0.769417 0.630922
1607289470.848816 0.646426 -0.583922 0.334570 0.000558 -0.156585 -0.657362 0.737127
1607289471.939051 0.755607 -0.567114 0.289073 0.055262 -0.057431 -0.655621 0.750872
1607289472.980177 0.628543 -0.547139 0.303555 0.069776 -0.057317 -0.524816 0.846413
1607289474.074598 0.553639 -0.514550 0.298083 0.022326 -0.141374 -0.429452 0.891676
1607289475.128801 0.678041 -0.470206 0.253466 0.049589 -0.045573 -0.440575 0.895186
1607289476.200121 0.566923 -0.490753 0.235104 0.056763 0.014575 -0.305241 0.950470
1607289477.259556 0.561324 -0.408816 0.235443 0.034985 -0.094496 -0.185674 0.977431
1607289478.266241 0.533195 -0.398912 0.238853 0.042603 -0.142461 -0.127748 0.980597
1607289479.315886 0.556292 -0.370689 0.214462 0.014458 -0.045751 -0.061452 0.996956
1607289480.394142 0.525521 -0.366663 0.181107 -0.008230 0.041860 0.015725 0.998966
1607289481.405619 0.480091 -0.372863 0.184600 0.018798 0.007185 0.116066 0.993038
1607289482.429234 0.423583 -0.354874 0.181039 0.036717 -0.042397 0.203129 0.977544
1607289483.435196 0.441132 -0.342565 0.149465 -0.035166 0.069198 0.203488 0.975996
1607289484.510233 0.443979 -0.301396 0.114436 -0.112273 0.137910 0.187729 0.965988
1607289485.536913 0.425968 -0.323319 0.157204 -0.063962 0.097181 0.362893 0.924539
1607289486.582109 0.406936 -0.335560 0.157664 -0.039966 0.092552 0.438100 0.893256
1607289487.634628 0.348084 -0.322483 0.144431 -0.102942 0.123192 0.535931 0.828857
1607289488.696089 0.343680 -0.310083 0.107412 -0.083285 0.166510 0.612014 0.768620
1607289489.733891 0.307525 -0.255861 0.201151 -0.090763 0.157285 0.638059 0.748267
1607289490.860834 0.399605 -0.166545 0.082353 -0.127460 0.168177 0.674501 0.707474
1607289491.893742 0.393103 -0.110062 0.089865 -0.102142 0.085842 0.800736 0.583969
1607289492.946333 0.224782 -0.131575 0.017780 -0.252790 0.157013 0.790125 0.535861
1607289493.977449 0.295066 -0.082834 0.033404 -0.212182 0.127289 0.844136 0.475615
1607289495.054218 0.326129 -0.044681 0.033358 -0.116191 0.072287 0.871306 0.471274
1607289496.175615 0.342833 -0.010352 0.086532 0.017841 -0.000178 0.872973 0.487443
1607289497.238050 0.370891 -0.018588 0.103598 0.085190 -0.025400 0.879730 0.467090
1607289498.308882 0.332830 -0.055133 0.095721 0.046438 0.018938 0.921273 0.385669
1607289499.370241 0.144079 -0.292720 0.078031 -0.095599 0.041516 0.986245 0.128291
1607289500.436443 0.150692 -0.277420 0.045488 -0.196475 0.064399 0.978035 0.026438
1607289501.510033 0.138025 -0.332254 0.069534 -0.090771 0.078875 0.990765 -0.062636
1607289502.559870 0.154231 -0.384056 0.089616 -0.021378 0.083247 0.989988 -0.111970
1607289503.620037 0.156158 -0.437859 0.086100 -0.117885 0.073086 0.976301 -0.166125
1607289504.631275 0.156917 -0.476577 0.067935 -0.225379 0.075473 0.944537 -0.226621
1607289505.685432 0.142110 -0.492867 0.079660 -0.147424 0.080358 0.956037 -0.240421
1607289507.711498 0.124203 -0.458834 0.049581 -0.089462 0.077557 0.980911 -0.154254
1607289508.838955 0.061338 -0.199114 0.004394 -0.082362 0.039421 0.979883 -0.177459
1607289509.858526 0.072531 -0.235240 -0.086024 -0.077415 0.030707 0.959532 -0.269004
1607289510.902201 0.052230 -0.117104 -0.083022 -0.043187 0.059391 0.966861 -0.244517
1607289511.996868 0.075875 -0.130496 -0.056803 -0.083674 0.055725 0.977410 -0.185914
1607289513.096186 0.093203 -0.120812 -0.070288 -0.089342 0.039509 0.987594 -0.122944
1607289515.183348 0.104004 -0.088253 -0.047001 -0.121700 0.029975 0.991740 -0.027235
1607289519.390833 0.099836 -0.090268 -0.087297 -0.064182 -0.023101 0.993630 -0.089698
1607289521.480793 0.105577 -0.086093 0.019687 -0.098060 0.030488 0.991443 -0.080593
1607289522.586519 0.067642 -0.143897 -0.016506 -0.129658 0.026740 0.991166 0.008018
1607289523.662123 0.100203 -0.135715 -0.049211 -0.173399 0.005335 0.980270 0.094734
1607289524.780170 0.135193 -0.167947 -0.129556 -0.149269 -0.034597 0.925532 0.346282
1607289525.910740 0.148241 -0.174635 -0.118074 -0.139160 -0.017570 0.862887 0.485542
1607289527.018957 0.141810 -0.187852 -0.099539 -0.093351 -0.064924 0.790479 0.601842
1607289528.076094 0.219580 -0.167389 -0.055587 -0.038308 -0.105944 0.747195 0.654987
1607289529.108049 0.286882 -0.133618 -0.037847 0.012946 -0.144829 0.691296 0.707791
1607289530.239260 0.401133 -0.174902 0.040929 -0.049518 -0.090269 0.496865 0.861699
1607289531.288006 0.580049 -0.205602 0.041640 -0.050727 -0.013352 0.281664 0.958078
1607289532.314861 0.661058 -0.206500 0.045197 -0.055491 -0.012404 0.078232 0.995312
1607289533.368509 0.707423 -0.287691 0.080668 -0.014524 -0.110213 -0.071164 0.991251
1607289534.478977 0.826034 -0.317811 0.144082 -0.017393 -0.094290 -0.242624 0.965371
1607289535.483583 0.876045 -0.480497 0.175049 0.013792 -0.025507 -0.253557 0.966886
1607289536.570017 1.070771 -0.661413 0.236689 0.020087 -0.092439 -0.390984 0.915523
1607289537.671591 1.103208 -0.855474 0.265917 0.008936 -0.155437 -0.393920 0.905863
1607289538.743561 1.217147 -1.051778 0.256016 0.031687 -0.077539 -0.428849 0.899484
1607289539.753965 1.290473 -1.183812 0.216788 0.079858 -0.032795 -0.462269 0.882527
1607289540.769308 1.210787 -1.332080 0.266891 0.033224 -0.118609 -0.432839 0.893016
1607289541.853754 1.346989 -1.474642 0.294853 0.013068 -0.124624 -0.444338 0.887052
1607289542.923220 1.319238 -1.699627 0.308958 0.007672 -0.065568 -0.300719 0.951425
1607289543.965527 1.496017 -1.807299 0.297639 0.049598 -0.072976 -0.324382 0.941802
1607289544.999666 1.442340 -1.922428 0.337429 0.018467 -0.142692 -0.247664 0.958103
1607289546.016935 1.454635 -2.068648 0.400125 -0.046305 -0.203056 -0.246698 0.946448
1607289547.133741 1.371800 -2.149929 0.470734 -0.082300 -0.165098 -0.413660 0.891546
1607289548.254829 1.323254 -2.073584 0.478995 -0.024509 -0.137305 -0.561559 0.815597
1607289549.283199 1.384870 -2.037314 0.440908 -0.096313 -0.183132 -0.632314 0.746569
1607289550.287889 1.305251 -2.088266 0.415607 -0.108035 -0.157982 -0.709408 0.678314
1607289551.325899 1.400050 -2.071462 0.427030 -0.057090 -0.142165 -0.604077 0.782062
1607289552.334591 1.382008 -2.047256 0.425806 -0.047629 -0.184470 -0.482122 0.855138
1607289553.353619 1.362491 -2.047182 0.381588 -0.018823 -0.176199 -0.386126 0.905266
1607289554.392500 1.438026 -2.095215 0.366999 -0.003676 -0.126573 -0.314997 0.940608
1607289555.452152 1.551361 -2.089216 0.344988 -0.039604 -0.088057 -0.244150 0.964919
1607289556.533514 1.534573 -2.063214 0.270772 -0.040352 -0.064994 -0.194010 0.978012
1607289557.588900 1.450058 -2.083532 0.211506 0.015124 -0.058346 -0.130851 0.989568
1607289558.665516 1.440872 -2.083014 0.197717 0.041429 -0.015669 -0.052217 0.997653
1607289559.671066 1.488610 -2.019545 0.186943 -0.014282 -0.034643 -0.079167 0.996157
1607289560.677483 1.339296 -1.948750 0.197681 -0.000038 -0.167744 -0.105348 0.980186
1607289561.721136 1.284329 -1.863460 0.199172 -0.001531 -0.222941 -0.065691 0.972615
1607289562.796980 1.324900 -1.889623 0.183135 -0.015661 -0.093439 0.014646 0.995394
1607289563.860403 1.354658 -1.890326 0.163497 -0.017309 -0.001648 0.045631 0.998807
1607289564.877604 1.403312 -1.928546 0.174724 -0.020043 -0.003861 -0.054456 0.998308
1607289565.977463 1.290806 -1.915160 0.173002 -0.012912 -0.120203 -0.196520 0.973018
1607289567.115585 1.274007 -1.920852 0.192573 -0.014220 -0.201258 -0.202105 0.958356
1607289568.123955 1.214237 -1.967265 0.201367 -0.007482 -0.279929 -0.059352 0.958155
1607289569.167288 1.177380 -2.022191 0.178221 0.013961 -0.293318 0.164785 0.941603
1607289570.241968 1.186683 -2.034605 0.171256 -0.000618 -0.208830 0.242775 0.947338
1607289571.281879 0.942227 -2.050941 0.158561 -0.017646 -0.051692 0.309169 0.949437
1607289572.361713 0.921317 -1.996951 0.155549 -0.055127 0.011969 0.320523 0.945559
1607289573.368303 0.890831 -1.973891 0.183951 -0.046293 -0.048143 0.463375 0.883642
1607289574.459082 0.922434 -2.038668 0.221532 0.023256 -0.129247 0.544807 0.828215
1607289576.491074 0.838962 -2.141945 0.221919 -0.022272 -0.064352 0.595589 0.800398
1607289577.589264 0.859963 -2.237671 0.183874 -0.081162 -0.018069 0.675319 0.732824
1607289578.613857 0.828422 -2.340481 0.195082 -0.022368 -0.058034 0.720746 0.690403
1607289579.674696 0.869967 -2.402855 0.161454 0.056928 -0.051420 0.881227 0.466427
1607289580.771460 1.082883 -2.184850 0.298030 -0.048457 -0.002631 0.957667 0.283759
1607289581.794046 1.017651 -2.127223 0.300108 -0.030320 0.027650 0.985773 0.162994
1607289582.811857 1.106777 -2.139486 0.315489 -0.105753 0.050993 0.992722 0.026822
1607289584.048908 1.175431 -2.331279 0.330740 -0.121582 0.004449 0.990422 0.065287
1607289585.109367 1.331561 -2.371330 0.322812 -0.178467 0.000683 0.983930 -0.005560
1607289586.154127 1.518086 -2.330607 0.364713 -0.075125 0.030053 0.987646 -0.134195
1607289587.191780 1.585790 -2.317034 0.358331 -0.130451 0.027127 0.966427 -0.219695
1607289588.275156 1.653894 -2.252116 0.400809 -0.048768 0.100637 0.918753 -0.378664
1607289589.277815 1.711301 -2.249633 0.398539 -0.098927 0.058619 0.873862 -0.472380
1607289590.357052 1.806191 -2.196087 0.401076 0.063297 -0.110045 -0.839056 0.529026
1607289591.451323 1.780743 -2.102216 0.397119 0.093435 -0.080660 -0.794065 0.595168
1607289592.493906 1.866290 -2.127189 0.330039 0.072730 -0.083608 -0.751209 0.650696
1607289593.545332 1.894817 -2.046195 0.434610 0.068406 -0.088426 -0.706404 0.698924
1607289594.687639 1.919271 -1.999390 0.445100 0.097704 -0.099962 -0.664918 0.733720
1607289595.749187 1.924855 -1.935316 0.481775 0.076188 -0.167165 -0.561417 0.806885
1607289596.983850 1.866898 -1.956929 0.414058 0.104271 -0.061317 -0.680075 0.723095
1607289597.998016 1.811092 -2.057710 0.406204 0.074543 -0.092952 -0.801986 0.585339
1607289599.064445 1.716256 -2.143218 0.399912 0.079819 -0.096207 -0.782976 0.609361
1607289600.096189 1.681013 -2.378061 0.405865 0.076815 -0.080689 -0.846845 0.520040
1607289601.188385 1.564289 -2.515967 0.381588 0.077278 -0.056596 -0.855836 0.508300
1607289602.252428 1.583467 -2.608454 0.359200 -0.074261 0.053052 0.958452 -0.270260
1607289603.388887 1.635498 -2.569280 0.348177 -0.087724 0.069364 0.982383 -0.149725
1607289604.498623 1.653963 -2.466074 0.371498 -0.051675 0.034146 0.995905 -0.065854
1607289605.622717 1.630527 -2.398578 0.336361 -0.103448 0.065238 0.988882 -0.084583
1607289606.660252 1.642565 -2.322351 0.345960 -0.067613 0.016020 0.996408 0.048402
1607289607.664459 1.607114 -2.350985 0.305984 -0.124300 0.021903 0.991891 0.014923
1607289608.712078 1.598100 -2.464814 0.273987 -0.176005 0.035141 0.983120 0.035527
1607289609.837450 1.701352 -2.408157 0.280916 -0.208610 0.056824 0.976125 -0.020811
1607289610.857063 1.729673 -2.362211 0.325747 -0.106220 0.036316 0.988912 -0.097216
1607289611.933790 1.752816 -2.508405 0.383627 -0.010359 0.072272 0.980863 -0.180491
1607289612.945284 1.697053 -2.565221 0.351466 -0.108057 0.086461 0.926123 -0.350920
1607289614.117632 1.618521 -2.615358 0.404356 0.054216 -0.139009 -0.840465 0.520918
1607289615.221445 1.539610 -2.755754 0.388370 -0.042808 0.150898 0.858944 -0.487456
1607289616.247433 1.536586 -2.800241 0.335933 0.132056 -0.110454 -0.822453 0.542155
1607289617.312624 1.361562 -2.725450 0.350751 0.086839 -0.096322 -0.798953 0.587244
1607289618.460814 1.236048 -2.859140 0.364156 0.049801 -0.113649 -0.796335 0.591992
1607289619.541725 1.086774 -2.825168 0.340274 0.072917 -0.056687 -0.781415 0.617139
1607289620.586746 1.129220 -2.641739 0.356606 0.080990 -0.084677 -0.772457 0.624164
1607289621.685972 1.141541 -2.349926 0.395357 0.026229 -0.132043 -0.734725 0.664873
1607289622.743954 1.214476 -2.121017 0.348111 0.044055 -0.062856 -0.755666 0.650444
1607289623.838486 1.209028 -1.973520 0.348170 0.040601 -0.077634 -0.743891 0.662533
1607289624.920530 1.140116 -1.785656 0.342248 0.054985 -0.121752 -0.652808 0.745651
1607289625.932295 1.229167 -1.594363 0.352168 0.065985 -0.129485 -0.613072 0.776545
1607289627.011841 1.128891 -1.424266 0.314823 0.066952 -0.186723 -0.553045 0.809193
1607289629.218540 1.210734 -1.711231 0.300003 0.081701 -0.123112 -0.724328 0.673437
1607289630.363466 1.220260 -1.969109 0.333434 0.004781 -0.132580 -0.732221 0.668021
1607289631.440214 1.313011 -2.240648 0.350416 0.063301 -0.106632 -0.847067 0.516817
1607289632.491480 1.235778 -2.472821 0.382136 0.060030 -0.098342 -0.848637 0.516276
1607289633.745596 1.271998 -2.802305 0.393025 -0.099770 0.089281 0.858792 -0.494520
1607289634.762503 1.167199 -2.967654 0.410828 -0.096137 0.091863 0.875789 -0.464017
1607289635.812202 1.196212 -3.109438 0.440625 -0.076335 0.093906 0.921262 -0.369638
1607289636.935246 1.055816 -3.165681 0.490652 -0.050950 0.071631 0.950235 -0.298875
1607289638.012615 1.044286 -3.229893 0.280900 -0.060575 0.018199 0.996249 -0.059060
1607289639.080551 1.220667 -3.153294 0.369366 -0.044189 0.038887 0.997062 -0.049013
1607289640.226261 1.317662 -3.027282 0.363353 -0.029379 0.019701 0.999317 -0.010735
1607289642.353598 1.438216 -2.881697 0.315994 -0.109701 0.053129 0.991658 0.041928
1607289643.426970 1.486995 -2.915631 0.353121 0.030845 -0.032745 0.983347 0.176081
1607289644.513609 1.558009 -2.841718 0.330146 -0.029010 0.021424 0.971547 0.234085
1607289645.533813 1.544436 -2.822161 0.292588 -0.102162 0.077439 0.955405 0.266024
1607289646.573874 1.539711 -2.823155 0.269084 -0.152198 0.102480 0.935598 0.301646
1607289647.594790 1.545452 -2.830426 0.313569 -0.023007 0.011544 0.963144 0.267753
1607289648.666828 1.561836 -2.825754 0.359004 0.051925 0.017455 0.983792 0.170738
1607289649.744055 1.400913 -3.008863 0.401515 -0.000485 0.034165 0.991997 0.121547
1607289650.786381 1.257213 -3.160048 0.389977 0.065574 0.061848 0.995890 0.008868
1607289651.820080 1.065107 -3.111136 0.314129 -0.031498 0.056855 0.991340 -0.114104
1607289652.902859 0.867064 -3.373849 0.239179 -0.063116 0.009352 0.992943 -0.099970
1607289654.017096 0.682043 -3.421176 0.430845 0.014743 -0.001138 0.978129 -0.207473
1607289655.025732 0.590486 -3.806857 0.619336 -0.027683 -0.027772 0.996414 -0.074982
1607289656.063074 0.696499 -3.204476 0.431466 -0.103945 -0.039055 0.966625 -0.230880
1607289657.099361 0.857742 -3.169476 0.511759 -0.031143 -0.023948 0.978830 -0.200867
1607289658.189409 1.001163 -2.996347 0.524909 -0.065374 -0.053627 0.963397 -0.254394
1607289659.239004 0.897370 -2.647681 0.763490 -0.060419 -0.010218 0.965507 -0.253063
1607289660.242628 0.828471 -2.476491 0.748368 -0.143596 0.031207 0.938500 -0.312448
1607289661.309378 0.552406 -2.394359 0.804833 -0.102315 0.050795 0.935448 -0.334497
1607289662.365572 0.501409 -2.250479 0.784531 -0.116038 0.048222 0.920574 -0.369803
1607289663.407961 0.355069 -2.130053 0.830824 -0.087738 0.071310 0.920985 -0.372833
1607289664.491238 0.185596 -2.044877 0.554231 -0.097898 0.061342 0.929910 -0.349170
1607289665.505316 0.022600 -1.875159 0.455392 -0.053100 0.066727 0.962100 -0.259021
1607289666.511930 -0.017097 -1.676908 0.262531 -0.055617 0.075920 0.961789 -0.257110
1607289667.534616 -0.024566 -1.520612 0.280385 -0.007714 0.052947 0.962114 -0.267345
1607289668.625715 -0.121827 -1.404986 0.159123 -0.037375 0.065675 0.969505 -0.233132
1607289670.753458 -0.046503 -1.222130 0.288152 -0.004808 0.069191 0.973654 -0.217226
1607289672.894239 0.018555 -1.017998 0.324202 0.003325 0.075930 0.959198 -0.272330
1607289674.009243 -0.034880 -0.897854 0.231421 -0.035712 0.077061 0.948653 -0.304701
1607289675.074432 -0.081979 -0.732124 0.248219 -0.012435 0.100327 0.918927 -0.381251
1607289676.134382 -0.146466 -0.574119 0.248494 0.000457 0.145454 0.901717 -0.407124
1607289677.135143 -0.262575 -0.576475 0.133465 0.008802 0.151083 0.874807 -0.460228
1607289678.145985 -0.491899 -0.383125 0.362484 0.023549 0.097131 0.882810 -0.458975
1607289679.207779 -0.461580 -0.313815 0.062352 0.018675 0.037535 0.922274 -0.384256
1607289681.236570 -0.331053 -0.379982 0.121119 -0.017936 0.038602 0.931956 -0.360063
1607289682.257513 -0.305745 -0.397095 0.117802 0.009192 -0.005678 0.936464 -0.350597
1607289683.513592 -0.247782 -0.038406 0.051781 0.036861 0.023293 0.979409 -0.197123
1607289684.519159 -0.193030 0.168220 0.103215 -0.013685 -0.008732 0.990406 -0.137229
1607289685.584818 -0.058863 0.065882 0.225958 0.018300 -0.014528 0.994753 -0.099603
1607289687.665625 0.024736 -0.327123 0.231655 -0.015872 -0.067255 0.971941 -0.224847
1607289688.700817 0.060382 -0.440587 0.241193 -0.021762 -0.086616 0.954848 -0.283353
1607289690.772644 0.216504 -0.611400 0.200843 0.000539 0.002300 0.946714 -0.322066
1607289691.806892 0.197135 -0.678169 0.166845 -0.039471 0.012651 0.928493 -0.369029
1607289692.872168 0.304322 -0.726209 0.230340 -0.026844 -0.009428 0.967126 -0.252701
1607289694.001814 0.214858 -0.712238 0.275261 0.023939 -0.019589 0.956832 -0.288990
1607289695.053434 0.132554 -0.597555 0.269338 -0.018533 -0.016598 0.931983 -0.361647
1607289696.072145 0.044433 -0.495296 0.207494 0.029669 -0.060994 -0.835482 0.545316
1607289697.178524 -0.061211 -0.460238 0.224406 0.026274 -0.072250 -0.810682 0.580418
1607289698.318790 -0.376684 -0.446959 0.176871 0.004159 -0.090730 -0.708462 0.699880
1607289699.380091 -0.533555 -0.325528 0.147813 0.011988 -0.106264 -0.688411 0.717395
1607289700.393175 -0.586250 -0.289430 0.105340 0.022985 -0.051583 -0.726731 0.684597
1607289701.401587 -0.645767 -0.214445 0.058443 0.041830 -0.044014 -0.643325 0.763182
1607289703.647203 -0.765612 -0.042672 0.015906 0.022119 -0.071051 -0.598508 0.797653
1607289705.749737 -0.836217 0.066239 0.010457 -0.009550 -0.109410 -0.655627 0.747056
1607289706.806316 -0.903723 0.084278 -0.027733 0.013657 -0.044990 -0.568289 0.821484
1607289707.887991 -0.931299 0.129915 -0.024878 -0.000729 -0.119517 -0.500932 0.857195
1607289708.897099 -0.885980 0.071735 -0.048782 0.036361 -0.054922 -0.521721 0.850570
1607289709.922953 -0.931323 0.147786 -0.076395 0.014852 -0.064969 -0.372897 0.925476
1607289711.039614 -0.970087 0.242866 -0.065704 0.003815 -0.092179 -0.482649 0.870941
1607289712.093866 -1.134066 0.227424 -0.101939 0.010663 -0.065943 -0.494766 0.866455
1607289713.181843 -1.191639 0.318973 -0.116362 -0.005588 -0.090059 -0.516122 0.851749
1607289714.299166 -1.166780 0.415462 -0.148341 0.032313 -0.060242 -0.606530 0.792117
1607289715.382708 -1.175680 0.379310 -0.186065 0.094562 -0.019397 -0.683340 0.723691
1607289716.385250 -1.184373 0.360481 -0.210321 0.125957 -0.003625 -0.733047 0.668404
1607289717.424036 -1.284233 0.345576 -0.205881 0.031701 -0.071445 -0.780998 0.619623
1607289718.472733 -1.384470 0.277022 -0.222071 0.080640 -0.019349 -0.734014 0.674052
1607289719.548462 -1.500057 0.174044 -0.194679 0.041345 -0.060585 -0.678741 0.730706
1607289720.555882 -1.576819 0.022642 -0.183311 0.028450 -0.046993 -0.658978 0.750154
1607289721.556299 -1.712668 -0.082971 -0.159920 0.023932 -0.057815 -0.593752 0.802212
1607289722.663143 -1.822276 -0.293444 -0.148119 0.068572 -0.063430 -0.639014 0.763502
1607289723.875690 -1.874594 -0.385940 -0.202840 0.046582 -0.106050 -0.735884 0.667127
1607289725.076401 -1.914954 -0.117875 -0.314945 -0.015055 -0.088682 -0.826522 0.555671
1607289726.080139 -1.619056 0.035190 -0.221742 0.022325 0.119106 0.868497 -0.480654
1607289727.082886 -1.452049 0.121258 -0.236087 0.019452 0.079860 0.900193 -0.427665
1607289728.117443 -1.309306 0.247539 -0.207099 0.013994 0.099756 0.904895 -0.413542
1607289729.253531 -1.024626 0.238774 -0.129478 0.056837 0.113417 0.944467 -0.303131
1607289730.289333 -0.852780 0.302035 -0.122474 -0.034327 0.066542 0.933194 -0.351486
1607289731.307943 -0.544685 0.139686 0.024119 -0.021971 0.078893 0.909615 -0.407301
1607289732.399603 -0.178030 -0.069454 0.139538 0.001121 0.047062 0.877985 -0.476368
1607289733.455790 -0.105609 -0.153955 0.180783 0.009927 -0.034760 -0.796756 0.603219
1607289734.625902 0.025915 -0.268365 0.229522 -0.016170 -0.079052 -0.817248 0.570609
1607289735.879543 -0.139271 -0.255035 0.260287 -0.043378 -0.098659 -0.682464 0.722930
1607289737.035181 -0.356500 -0.083557 0.340951 -0.054521 -0.169253 -0.603799 0.777050
1607289738.147018 -0.763274 0.067564 0.168757 -0.075964 -0.144106 -0.563584 0.809837
1607289740.279438 -1.438814 -0.035319 0.306048 -0.026917 -0.116953 -0.477536 0.870377
1607289741.350414 -1.489138 -0.145297 0.145218 0.051328 -0.148226 -0.424055 0.891948
1607289742.396532 -1.502023 -0.073480 0.188024 0.058588 -0.148837 -0.551643 0.818599
1607289743.412983 -1.356249 -0.160341 -0.039715 0.048695 -0.199229 -0.593965 0.777909
1607289744.578369 -1.027500 -0.064017 0.050910 -0.054578 -0.136927 -0.516532 0.843485
1607289745.631134 -1.557866 -0.243161 -0.096728 -0.036875 -0.186908 -0.549776 0.813297
1607289746.640991 -1.811823 -0.431747 -0.222897 -0.033364 -0.151552 -0.506847 0.847953
1607289747.881077 -1.646751 -0.277168 -0.210864 -0.062490 -0.102527 -0.750985 0.649311
1607289750.066162 -1.768745 -0.320284 -0.235720 -0.070809 -0.146822 -0.770252 0.616556
1607289751.105385 -2.013088 -0.283800 -0.282889 -0.012686 -0.136450 -0.820621 0.554799
1607289752.175537 -2.163770 -0.339880 -0.190463 -0.145967 0.000929 0.893362 -0.424968
1607289753.318434 -2.345065 -0.469102 -0.097473 0.028716 0.045472 0.887354 -0.457942
1607289754.501776 -2.500973 -0.567056 -0.264585 0.054087 -0.031807 -0.753513 0.654432
1607289755.613396 -2.586450 -0.697978 -0.188926 0.025480 -0.135966 -0.578879 0.803594
1607289756.663395 -2.623783 -0.786580 -0.304767 0.066899 -0.046416 -0.461360 0.883469
1607289757.758900 -2.674372 -0.872559 -0.364576 0.066781 0.004474 -0.304209 0.950251
1607289758.771908 -2.772048 -1.041249 -0.328650 -0.028368 -0.232441 -0.320929 0.917699
1607289759.809237 -2.580108 -1.205957 -0.484396 -0.025870 -0.014298 -0.111504 0.993324
1607289760.895422 -2.521356 -1.272131 -0.417799 -0.062568 -0.187313 0.026430 0.979949
1607289761.989044 -2.347711 -1.271218 -0.344642 -0.064698 -0.035369 0.081941 0.993906
1607289763.139359 -2.301549 -1.461385 -0.306546 -0.082239 -0.147461 0.271105 0.947626
1607289764.211334 -2.371492 -1.454679 -0.379167 -0.052135 -0.081417 0.318526 0.942971
1607289765.317375 -2.249521 -1.471761 -0.344115 -0.044571 -0.132010 0.151144 0.978643
1607289766.459625 -2.245272 -1.631063 -0.308198 -0.012385 -0.053664 -0.078555 0.995387
1607289767.513067 -2.142112 -1.782085 -0.345384 0.052249 -0.007129 -0.132572 0.989770
1607289768.541307 -2.158335 -1.792288 -0.232483 0.004591 -0.215589 -0.073626 0.973694
1607289769.815639 -2.021399 -1.802450 -0.283272 0.025136 -0.033105 -0.286589 0.957151
1607289770.861847 -2.111361 -2.057971 -0.055981 -0.034947 -0.221396 -0.288530 0.930867
1607289771.891211 -1.941292 -1.984869 -0.062573 0.072748 0.002579 -0.340547 0.937406
1607289772.948921 -1.786318 -1.933758 0.101421 -0.018727 -0.213745 -0.448436 0.867679
1607289774.071993 -1.737321 -2.051025 0.056470 0.125765 0.028248 -0.447433 0.884979
1607289775.142771 -1.691491 -2.071234 0.061735 0.142283 -0.044023 -0.571632 0.806879
1607289776.340639 -1.759622 -1.705511 -0.071964 0.019575 -0.105688 -0.686390 0.719247
1607289777.531208 -1.902891 -1.604212 -0.073222 0.093439 -0.077796 -0.705709 0.697991
1607289778.670351 -1.971010 -1.571557 -0.072156 -0.034986 -0.169310 -0.760007 0.626498
1607289779.707338 -2.063710 -1.530819 -0.178102 0.070863 -0.007944 -0.751048 0.656385
1607289780.831757 -2.171649 -1.555662 -0.236587 -0.091800 -0.176580 -0.806183 0.557191
1607289782.135817 -2.056024 -1.553854 -0.213253 0.046648 -0.085212 -0.780148 0.618007
1607289783.275820 -2.068324 -1.519548 -0.341256 0.024167 -0.114391 -0.773403 0.623040
1607289784.335810 -2.006439 -1.531672 -0.504427 -0.166864 -0.270273 -0.737812 0.595603
1607289786.830114 -1.993344 -1.423275 -0.467896 -0.128796 -0.186863 -0.819151 0.526769
1607289787.866802 -2.024596 -1.500638 -0.586721 -0.021235 -0.078792 -0.676372 0.732026
1607289789.025671 -1.898406 -1.349228 -0.526421 -0.058805 -0.231060 -0.670116 0.702921
1607289790.245771 -1.680086 -1.254507 -0.672844 -0.091194 -0.161769 -0.675972 0.713145
1607289791.279057 -1.603864 -1.200345 -0.832038 -0.081686 -0.153171 -0.728045 0.663187
1607289792.284798 -1.555691 -1.161490 -0.878561 -0.107541 -0.144763 -0.683198 0.707615
1607289793.334686 -1.565685 -1.170369 -0.888812 -0.142945 -0.171585 -0.617712 0.754027
1607289794.352844 -1.558181 -1.163560 -0.897504 -0.140014 -0.169324 -0.573127 0.789463
1607289795.390430 -1.556152 -1.172315 -0.925613 -0.131176 -0.158086 -0.512244 0.833911
1607289796.630297 -1.591198 -1.206180 -0.888018 -0.100596 -0.107407 -0.501709 0.852427
1607289797.668215 -1.667530 -1.191262 -0.699917 -0.099881 -0.118348 -0.491249 0.857142
1607289808.010197 -1.653242 -1.206719 -0.726416 -0.098397 -0.094243 -0.557402 0.818987
1607289809.040722 -1.703235 -1.267688 -0.701049 -0.028041 -0.015277 -0.620360 0.783667
1607289810.113943 -1.706421 -1.335794 -0.655648 -0.037048 -0.130367 -0.727565 0.672519
1607289811.330315 -1.682131 -1.493176 -0.633205 0.030382 -0.035232 -0.630267 0.774984
1607289812.453060 -1.694258 -1.694359 -0.618987 -0.099712 -0.137940 -0.476666 0.862450
1607289813.638088 -1.869578 -1.843751 -0.406609 -0.100692 -0.145974 -0.239019 0.954684
1607289814.915268 -1.884184 -1.924872 -0.519108 -0.058639 0.071376 -0.208695 0.973608
1607289815.919729 -1.943352 -1.990642 -0.467738 -0.076652 -0.064940 -0.174131 0.979584
1607289818.249043 -2.120168 -1.747234 -0.347890 -0.060807 -0.011675 -0.127883 0.989855
1607289819.263735 -2.190210 -1.591435 -0.261778 -0.048313 -0.086860 -0.027805 0.994660
1607289820.320700 -2.148332 -1.822893 -0.202499 -0.048922 -0.224443 -0.122488 0.965520
1607289821.401867 -1.934713 -2.024033 -0.284704 -0.115392 0.002206 0.000736 0.993317
1607289822.417517 -1.758866 -2.006501 -0.202241 -0.123813 -0.087418 0.068775 0.986052
1607289823.441637 -1.705175 -2.139521 -0.203207 -0.126992 -0.033202 0.211748 0.968470
1607289824.546743 -1.580215 -2.191430 -0.183175 -0.138577 -0.022927 0.225099 0.964158
1607289825.848700 -1.560223 -2.430184 -0.112159 -0.135267 -0.053432 0.232506 0.961659
1607289826.875406 -1.631821 -2.608717 -0.047953 -0.114564 -0.131960 0.142989 0.974174
1607289828.083321 -1.618684 -2.722350 -0.071366 -0.107401 -0.130251 0.090542 0.981479
1607289829.155254 -1.626436 -2.744417 -0.246449 -0.127263 0.075285 0.309202 0.939431
1607289830.404264 -1.687121 -2.783779 -0.198237 -0.106949 -0.008592 0.101131 0.989071
1607289831.434114 -1.537208 -2.901118 -0.059679 -0.087403 -0.152478 0.086173 0.980656
1607289832.470657 -1.233665 -3.037818 -0.382092 -0.048152 0.070008 -0.064132 0.994318
1607289833.534941 -0.992196 -3.068698 -0.437582 -0.043967 0.022824 -0.216610 0.975001
1607289834.561905 -0.895409 -3.200527 -0.241810 -0.094960 -0.130552 -0.387128 0.907783
1607289835.574846 -0.711354 -3.083229 -0.060985 0.053576 0.087388 -0.482607 0.869818
1607289836.749619 -0.636324 -3.081032 -0.029851 0.034386 -0.041624 -0.621364 0.781660
1607289849.715927 -0.596215 -3.202141 0.361919 0.121918 0.035053 -0.807595 0.575931
1607289853.136259 -0.613983 -3.214754 0.075560 0.086842 0.053180 -0.503166 0.858169
1607289854.296703 -0.729824 -3.068836 0.081163 0.020302 -0.027640 -0.511392 0.858663
1607289855.372244 -1.020573 -3.324282 0.318890 -0.030091 -0.076627 -0.401559 0.912126
1607289856.396502 -1.176620 -3.190020 0.272855 0.047989 0.077136 -0.298216 0.950166
1607289857.456278 -1.290608 -3.014627 0.280827 0.007924 0.031052 -0.174094 0.984207
1607289858.607986 -1.414543 -2.977659 0.325461 0.049255 -0.069908 -0.210835 0.973774
1607289859.618164 -1.420341 -3.124521 0.167069 0.016331 0.033201 -0.333926 0.941873
1607289860.757879 -1.170722 -3.273070 -0.076139 0.045062 0.137604 -0.326747 0.933954
1607289861.895470 -1.005825 -3.463187 0.047156 -0.010438 -0.001497 -0.320787 0.947093
1607289862.924112 -0.806486 -3.587487 -0.115178 0.046463 0.145343 -0.265464 0.951969
1607289863.973064 -0.655566 -3.562121 0.036786 -0.073617 -0.020650 -0.210296 0.974643
1607289865.096706 -0.477988 -3.578682 -0.070234 -0.074926 0.111604 -0.131048 0.982220
1607289866.099863 -0.329408 -3.520020 0.068270 -0.161554 0.003043 -0.081968 0.983449
1607289867.241457 -0.171558 -3.527763 0.016474 -0.140908 0.124402 0.020580 0.981960
1607289868.453068 -0.160818 -3.353695 0.020555 -0.146426 -0.048990 0.072805 0.985322
1607289869.455969 -0.067842 -3.404090 0.063837 -0.168781 0.049315 0.438992 0.881117
1607289870.599894 -0.277952 -3.466526 0.105721 -0.128495 -0.014488 0.537049 0.833581
1607289871.628874 -0.344993 -3.463040 0.047622 -0.129392 -0.039781 0.733014 0.666608
1607289872.638527 -0.344585 -3.488786 0.019820 -0.203098 0.052579 0.801066 0.560607
1607289873.695484 -0.450631 -3.534288 0.104194 -0.123050 -0.034662 0.819261 0.558989
1607289875.000977 -0.415903 -3.490047 0.124892 -0.115164 -0.021829 0.891896 0.436786
1607289876.039389 -0.491206 -3.502567 0.099104 -0.118489 -0.014913 0.917997 0.378179
1607289877.112871 -0.520216 -3.466569 0.166465 -0.097638 -0.105197 0.976519 0.160659
1607289878.500929 -0.348401 -3.296560 0.205452 -0.154350 -0.043076 0.968368 0.191272
1607289879.539293 -0.527957 -3.294990 0.128706 -0.193479 -0.032191 0.974730 0.106918
1607289880.606850 -0.235061 -2.959456 0.279329 -0.196249 -0.035820 0.940465 0.275188
1607289881.777538 -0.110024 -3.031777 0.314354 -0.125996 -0.034262 0.933274 0.334591
1607289882.823486 -0.041844 -3.004342 0.356612 -0.067801 -0.075905 0.950750 0.292773
1607289883.830145 0.090779 -2.961778 0.324696 -0.108611 -0.041531 0.964188 0.238368
1607289884.904228 0.196254 -3.012207 0.332700 -0.070998 -0.046247 0.970604 0.225275
1607289885.908186 0.259808 -2.864811 0.295113 -0.136283 -0.032886 0.984382 0.106478
1607289887.110647 0.241390 -2.931470 0.334759 -0.033385 -0.014328 0.996220 0.078900
1607289888.143347 0.223619 -2.860244 0.363640 -0.020886 -0.064976 0.996803 0.041549
1607289889.288633 0.229072 -2.721254 0.347804 -0.026063 -0.097464 0.993948 0.043466
1607289891.410183 0.203764 -2.918483 0.079710 -0.106845 -0.006054 0.989111 0.101033
1607289893.761122 0.267582 -2.723030 -0.047896 -0.059674 0.077538 0.991944 0.080465
1607289894.902018 0.205610 -2.529680 -0.141702 0.006984 0.033313 0.998967 -0.030108
1607289897.046305 0.206240 -2.500713 -0.119022 0.014903 0.021912 0.997671 0.062846
1607289900.200933 0.200276 -2.505145 -0.118603 -0.008091 0.038753 0.998258 -0.043755
1607289901.234812 0.191063 -2.457868 -0.116821 -0.004929 0.052763 0.988328 -0.142825
1607289902.264105 0.233232 -2.642907 -0.143474 0.005509 0.069908 0.967263 -0.243897
1607289907.614410 0.259411 -2.645602 -0.010956 -0.005969 0.064754 0.964037 -0.257691
1607289908.625750 0.255223 -2.647468 -0.119101 0.017056 0.077682 0.962231 -0.260358
1607289911.717655 0.299534 -2.633978 0.027236 -0.012535 0.035669 0.994135 -0.101324
1607289912.768972 0.408246 -2.768502 0.271651 -0.004985 -0.022267 0.999736 -0.002796
1607289914.828779 0.569290 -2.822172 0.214483 -0.148193 -0.037774 0.977228 0.147098
1607289915.874416 0.608290 -2.785764 0.346516 -0.071613 -0.113678 0.944558 0.299599
1607289916.882448 0.730027 -2.769627 0.283511 -0.139222 -0.058543 0.961519 0.229502
1607289917.899025 0.806808 -2.796600 0.407710 -0.025324 -0.110461 0.970870 0.211110
1607289918.957756 0.942154 -2.809832 0.345821 -0.067036 -0.106626 0.968791 0.213499
1607289920.035395 1.094874 -2.720982 0.284888 -0.127184 -0.102044 0.981920 0.096144
1607289921.227312 1.285657 -2.698533 0.401244 -0.042083 -0.123884 0.986782 0.095617
1607289923.461521 1.429458 -2.583033 0.256204 -0.144678 -0.071741 0.984933 -0.061881
1607289924.615986 1.333981 -2.791425 0.309405 -0.065790 -0.096752 0.990965 -0.065569
1607289925.689762 1.115936 -2.961126 0.290249 -0.090440 -0.063818 0.991656 -0.066076
1607289927.786510 0.657706 -3.229325 0.346019 -0.031975 -0.075184 0.995150 -0.054784
1607289928.817019 0.582017 -3.335597 0.217631 -0.143758 -0.078655 0.978206 -0.127514
1607289929.854118 0.482215 -3.432462 0.026510 -0.233832 -0.082784 0.947064 -0.203814
1607289932.191574 0.033798 -3.822684 0.176655 -0.090595 -0.049762 0.994097 -0.032966
1607289933.310472 -0.188553 -3.792669 0.013526 -0.260349 -0.081301 0.961695 -0.027400
1607289934.529221 -0.419105 -3.768243 -0.026980 0.006617 -0.033662 0.997871 0.055462
1607289935.547785 -0.563327 -3.679199 0.074104 -0.058395 -0.039475 0.997513 0.000207
1607289936.613520 -0.741424 -3.801134 -0.115935 -0.266528 -0.051600 0.961525 0.042081
1607289937.785110 -0.914194 -3.643740 -0.059730 -0.032606 -0.037510 0.995154 0.084845
1607289938.824839 -1.017043 -3.594386 -0.168766 -0.321874 -0.090718 0.942413 0.004989
1607290092.500847 -1.175972 -3.532090 -0.267162 -0.309589 -0.050861 0.941752 0.121125
1607290093.504063 -1.172755 -3.689266 -0.250964 -0.275976 -0.037373 0.957078 0.080270
1607290094.529434 -1.095600 -3.782755 -0.186609 -0.206617 -0.037227 0.970291 0.120243
1607290095.554350 -1.072731 -3.814517 -0.111262 -0.160809 -0.039316 0.962569 0.214604
1607290096.567711 -1.099248 -3.821803 -0.142992 -0.226632 -0.028762 0.921838 0.313091
1607290097.650656 -1.108811 -3.781671 -0.156290 -0.220775 -0.019784 0.902884 0.368329
1607290098.672577 -1.054320 -3.752203 -0.094754 -0.147035 -0.062915 0.941069 0.298012
1607290099.674433 -1.054914 -3.754047 -0.109972 -0.159244 -0.054822 0.961327 0.217911
1607290100.687986 -1.018578 -3.697545 -0.169247 -0.182548 -0.027541 0.975383 0.120609
1607290101.709234 -1.033943 -3.676890 -0.063426 -0.091794 -0.059448 0.976755 0.184363
1607290102.723856 -1.036001 -3.580657 0.011837 -0.058381 -0.081710 0.929848 0.353973
1607290103.814804 -1.038507 -3.655356 -0.031924 -0.069725 -0.057756 0.960309 0.263836
1607290104.907734 -0.928914 -3.714249 -0.087870 -0.137129 -0.055178 0.987037 0.062522
1607290105.960217 -0.836077 -3.789460 -0.078489 -0.118091 -0.064538 0.990040 -0.041346
1607290107.032156 -0.710555 -3.783974 -0.111431 -0.150444 -0.076920 0.968954 -0.180493
1607290108.085781 -0.627902 -3.836572 -0.061458 -0.093316 -0.083005 0.975274 -0.182327
1607290109.119692 -0.522935 -3.915715 0.072631 -0.131835 -0.062446 0.944238 -0.295185
1607290110.243193 -0.394185 -4.188977 0.196948 -0.195282 -0.071821 0.933710 -0.291363
1607290111.250700 -0.440490 -4.121119 0.222939 -0.160510 -0.096359 0.949554 -0.251593
1607290112.257139 -0.503354 -3.985971 0.096177 -0.128575 -0.070705 0.971943 -0.183838
1607290113.290527 -0.618379 -3.915030 -0.048707 -0.184919 -0.045820 0.979467 -0.065954
1607290114.303659 -0.803206 -3.770848 -0.073828 -0.171144 -0.041603 0.982898 0.053770
1607290115.447601 -1.015067 -3.641436 -0.143237 -0.199947 -0.037702 0.978773 0.024558
1607290116.464327 -1.140374 -3.410777 -0.100299 -0.124100 -0.051294 0.983897 0.117960
1607290117.502102 -1.296328 -3.219818 -0.189059 -0.180381 -0.011027 0.974284 0.134582
1607290118.512161 -1.303163 -3.128562 -0.254913 -0.228818 0.020718 0.965420 0.123200
1607290119.562706 -1.413712 -2.906122 -0.191360 -0.141182 -0.031310 0.961277 0.234593
1607290120.612906 -1.453141 -2.693260 -0.137686 -0.113675 -0.030634 0.969305 0.215842
1607290121.613050 -1.517644 -2.506162 -0.076776 -0.054753 -0.051799 0.948036 0.309105
1607290122.629267 -1.486562 -2.474550 -0.026544 0.005766 -0.037333 0.950973 0.306959
1607290124.729519 -1.421846 -2.554304 0.183001 -0.031848 -0.085978 0.943782 0.317598
1607290125.848291 -1.393836 -2.689468 0.315160 -0.001230 -0.120405 0.956569 0.265476
1607290126.850014 -1.321740 -2.734316 0.415771 0.030510 -0.127236 0.976313 0.172316
1607290127.905128 -1.472054 -2.709810 0.430034 -0.031057 -0.092119 0.981517 0.164847
1607290128.986034 -1.517701 -2.668399 0.222434 -0.050642 -0.020528 0.992089 0.113020
1607290130.058239 -1.432986 -2.641418 0.074552 -0.146038 0.020460 0.975019 0.166111
1607290131.068417 -1.481662 -2.510143 0.076675 -0.136825 -0.019012 0.819269 0.556522
1607290132.177174 -1.291886 -2.479429 0.131861 -0.125727 -0.050373 0.747639 0.650147
1607290133.197220 -1.351064 -2.356992 0.094266 -0.169631 -0.028738 0.607501 0.775463
1607290134.311678 -1.341213 -2.353756 0.141613 -0.101804 -0.090755 0.504824 0.852380
1607290135.316919 -1.170465 -2.447920 0.236295 -0.063137 -0.140802 0.431957 0.888595
1607290136.375648 -1.067441 -2.484727 0.271438 -0.058718 -0.141421 0.367049 0.917511
1607290137.431738 -0.988546 -2.412527 0.250913 -0.061606 -0.159677 0.224548 0.959315
1607290138.520226 -0.857927 -2.569387 0.313947 -0.064563 -0.151636 0.123607 0.978550
1607290139.593102 -0.779840 -2.781000 0.357876 -0.058278 -0.144853 0.044894 0.986715
1607290140.604094 -0.785266 -2.916268 0.420338 -0.055667 -0.157662 -0.067183 0.983631
1607290141.625170 -0.842367 -2.820322 0.474706 -0.035448 -0.184341 -0.194610 0.962751
1607290142.745596 -0.829509 -2.896388 0.557449 -0.034469 -0.178101 -0.249002 0.951362
1607290143.845108 -0.793441 -2.865856 0.494354 -0.040752 -0.177859 -0.056533 0.981585
1607290144.920786 -0.815140 -2.755589 0.409867 -0.039918 -0.162401 0.083563 0.982369
1607290145.928623 -0.870559 -2.543560 0.381995 -0.047328 -0.162991 0.119373 0.978235
1607290146.979872 -0.918606 -2.364736 0.308136 -0.042205 -0.162383 0.184814 0.968346
1607290148.019533 -0.865373 -2.466643 0.337292 -0.037898 -0.133895 0.355921 0.924098
1607290149.102776 -0.889000 -2.455632 0.335990 -0.031747 -0.118066 0.451635 0.883786
1607290150.107058 -0.959605 -2.445371 0.307579 -0.029218 -0.094527 0.532102 0.840880
1607290153.206881 -1.035232 -2.389343 0.291341 -0.036086 -0.102101 0.381853 0.917857
1607290154.344564 -0.862519 -2.405681 0.291882 -0.042059 -0.092241 0.269812 0.957562
1607290155.403088 -0.779163 -2.422750 0.294863 -0.034930 -0.098452 0.081699 0.991167
1607290156.446049 -0.755972 -2.610452 0.355734 -0.049026 -0.114841 0.001815 0.992172
1607290158.617714 -0.712416 -2.739334 0.350398 -0.026517 -0.088755 -0.236922 0.967103
1607290159.706556 -0.737234 -2.863081 0.324860 -0.027799 -0.048985 -0.338921 0.939128
1607290161.762960 -0.850664 -3.091277 0.292957 -0.033078 -0.053237 -0.438379 0.896602
1607290162.805147 -0.749838 -3.027841 0.221605 -0.031688 -0.052989 -0.596849 0.799974
1607290163.890938 -0.867396 -3.025375 0.237001 -0.036037 -0.052088 -0.673227 0.736719
1607290164.917421 -1.041054 -3.095099 0.251841 -0.031439 -0.059758 -0.729194 0.680967
1607290165.960938 -0.870387 -3.167316 0.291232 0.022292 -0.050002 -0.839274 0.540946
1607290167.058928 -0.910748 -3.170089 0.201739 -0.030036 0.040219 0.880818 -0.470786
1607290168.114279 -0.991221 -3.170529 0.082742 -0.005048 0.040107 0.897339 -0.439487
1607290170.239807 -0.894009 -3.212681 -0.021427 -0.006917 0.016764 0.870418 -0.491980
1607290171.319471 -0.741623 -3.245950 0.068282 0.018953 -0.008815 -0.844226 0.535579
1607290172.382479 -0.660967 -3.268703 0.075701 0.101365 0.017578 -0.840924 0.531284
1607290173.464413 -0.679538 -3.264231 0.063256 -0.069723 -0.034815 0.905016 -0.418179
1607290174.508505 -0.840512 -3.163289 0.069757 -0.056950 -0.023649 0.941181 -0.332228
1607290176.562969 -0.997947 -3.033647 0.061492 -0.060779 -0.017742 0.962220 -0.264809
1607290178.666903 -1.086151 -2.971994 0.082285 -0.053516 -0.036482 0.984225 -0.164640
1607290180.769213 -0.982693 -3.098053 0.098595 -0.012697 -0.029934 0.947898 -0.316910
1607290181.940765 -0.880679 -3.086606 0.192182 0.011463 0.034662 -0.773305 0.632983
1607290182.977478 -0.984006 -2.997316 0.118005 -0.033650 0.021732 -0.635991 0.770656
1607290184.034374 -1.005860 -3.051200 0.130137 -0.054568 -0.040630 -0.435800 0.897469
1607290185.061403 -0.901714 -3.048848 0.087223 -0.069044 -0.006674 -0.374042 0.924814
1607290186.077375 -0.790876 -3.111054 0.097875 -0.094003 -0.057972 -0.350374 0.930076
1607290187.159451 -0.628974 -3.186124 0.047725 -0.079394 -0.021609 -0.218494 0.972363
1607290188.246202 -0.540039 -3.126866 0.159639 -0.084285 -0.116326 -0.183212 0.972521
1607290190.353512 -0.461021 -3.199652 0.187226 -0.067395 -0.089837 0.231170 0.966410
1607290191.357399 -0.636567 -3.096254 0.199824 -0.056867 -0.104431 0.331438 0.935954
1607290192.419374 -0.693498 -3.008999 0.128232 -0.102850 -0.059135 0.537575 0.834828
1607290194.554575 -0.878715 -3.095026 0.075694 -0.133846 -0.042417 0.718877 0.680810
1607290195.579542 -0.799818 -3.125249 0.101501 -0.125162 -0.035890 0.808981 0.573233
1607290197.819347 -0.760729 -3.119176 0.076069 -0.136966 -0.032165 0.881626 0.450490
1607290198.845961 -0.706102 -3.259343 0.088992 -0.153277 -0.021640 0.922898 0.352558
1607290199.869963 -0.568325 -3.306066 0.127591 -0.145924 -0.031394 0.961555 0.230507
1607290200.893080 -0.466025 -3.468619 0.164221 -0.147735 -0.038790 0.973146 0.172212
1607290201.951227 -0.298946 -3.457528 0.137296 -0.143601 -0.036947 0.988928 0.005879
1607290204.083738 -0.200758 -3.085773 0.061127 -0.158035 -0.027806 0.956006 -0.245568
1607290205.201904 -0.181343 -2.992413 -0.076023 -0.121970 -0.010014 0.971385 -0.203554
1607290206.230331 -0.217210 -2.919293 -0.030098 -0.077800 0.022015 0.995757 -0.043930
1607290207.280468 -0.276664 -2.876842 -0.057966 -0.079372 0.037934 0.993741 0.068846
1607290209.357668 -0.294871 -2.863953 -0.152398 -0.091837 0.014373 0.987200 0.129600
1607290210.382553 -0.280312 -2.873665 -0.150698 -0.023073 0.027530 0.991944 0.121480
1607290518.794741 -0.130124 -3.042334 0.410321 -0.095058 0.021433 0.977144 0.188928
1607290520.906769 -0.256349 -3.151946 0.382113 -0.110372 0.000433 0.957977 0.264759
1607290521.971676 -0.440326 -3.229132 0.376292 -0.075185 0.015988 0.944033 0.320769
1607290523.007128 -0.508481 -3.292782 0.354370 -0.107523 -0.015946 0.911674 0.396277
1607290525.150045 -0.402181 -3.134864 0.482340 -0.044371 -0.000297 0.963401 0.264366
1607290526.190550 -0.268307 -3.026110 0.484104 -0.095810 0.003656 0.984736 0.145268
1607290527.293148 -0.009710 -2.906231 0.586582 -0.083087 -0.000648 0.994694 0.060666
1607290529.405396 0.032786 -2.705135 0.619610 -0.080400 0.027381 0.996313 0.012101
1607290531.581102 0.239882 -2.388520 0.530112 -0.079404 0.024288 0.996032 -0.032025
1607290532.684462 0.288440 -2.255917 0.546719 -0.065632 0.051288 0.995291 -0.049574
1607290534.825083 0.088464 -2.399443 0.412811 -0.078340 -0.011916 0.993842 0.077458
1607290537.985865 0.206836 -2.231835 0.505533 -0.070449 -0.032710 0.996832 0.017104
1607290539.076496 0.300756 -1.914073 0.461541 -0.094555 0.000287 0.995374 0.017054
1607290540.172468 0.223991 -1.697580 0.444618 -0.075904 0.019567 0.994834 -0.064506
1607290542.258598 0.222039 -1.411522 0.370450 -0.075577 0.025701 0.971065 -0.225081
1607290543.304726 0.115181 -1.131630 0.370929 -0.090464 -0.008645 0.988578 -0.120229
1607290546.565044 0.117535 -1.238717 0.475273 -0.012373 -0.040702 0.998632 -0.030411
1607290547.600365 0.146329 -0.982399 0.418893 -0.033808 -0.002673 0.992863 -0.114340
1607290549.674120 0.057877 -0.648247 0.379740 -0.009102 0.023653 0.963784 -0.265477
1607290550.677059 -0.037996 -0.487645 0.373673 -0.008406 0.041445 0.920474 -0.388508
1607290552.708172 -0.311161 -0.139654 0.125445 0.008579 0.067489 0.967407 -0.243917
1607290553.739544 -0.302586 -0.127855 0.099050 -0.049820 0.066153 0.977252 -0.195243
1607290555.917463 -0.296100 -0.132105 0.171120 0.011823 0.056788 0.981953 -0.180010
1607290556.950729 -0.304299 -0.125026 0.123231 -0.037811 0.059587 0.976215 -0.204998
1607290560.276079 -0.069046 -0.228449 0.275077 -0.025890 0.135357 0.952524 -0.271490
1607290561.304615 0.017337 -0.338056 0.220158 -0.041162 0.064558 0.989829 -0.119904
1607290562.419769 0.280347 -0.426545 0.249235 -0.050255 0.052989 0.995645 -0.057944
1607290564.673008 0.393742 -1.211238 0.497812 0.001916 0.066034 0.993212 0.095742
1607290565.947777 0.474172 -1.184472 0.463664 -0.019099 0.004703 0.983057 0.182241
1607290566.966526 0.395778 -0.844546 0.297174 -0.067919 0.044934 0.985952 0.145833
1607290568.005621 0.239619 -0.177359 0.162325 -0.080528 0.052696 0.994476 -0.041903
1607290569.046213 0.137467 -0.126076 0.091129 -0.079730 0.065528 0.967746 -0.229820
1607290571.155254 -0.286850 0.306721 -0.009880 -0.021218 0.011642 0.984494 -0.173740
1607290572.242527 -0.516481 0.474103 -0.034571 -0.014920 0.052304 0.948377 -0.312446
1607290574.625681 0.441808 -0.284719 0.399945 -0.032774 0.063181 0.960194 -0.270114
1607290575.714045 0.683512 -0.477673 0.425098 -0.013695 0.034051 0.996284 -0.077913
1607290576.729469 0.601479 -0.246688 0.364527 -0.079689 -0.015607 0.994618 -0.064347
1607290579.051413 0.242857 0.226514 0.258211 0.050016 -0.067675 0.994985 0.054069
1607290580.090094 0.222345 0.127530 0.181007 -0.029042 0.001135 0.986289 -0.162446
1607290581.180944 0.061271 0.151236 0.147673 -0.048383 0.008742 0.986834 -0.154084
1607290582.259319 -0.266392 0.332998 0.076405 -0.017788 0.008716 0.983560 -0.179495
1607290584.296186 -0.618707 -0.296853 0.030898 -0.061259 0.041614 0.974296 -0.212752
1607290586.518707 -0.650712 -0.429750 0.011126 -0.040992 -0.044347 0.978425 -0.197578
1607290587.612284 -0.522768 -0.275827 0.127836 -0.002654 -0.038709 0.953678 -0.298317
1607290589.644049 -0.611417 -0.447264 -0.003534 -0.076683 -0.022737 0.963234 -0.256483
1607290591.788040 -0.923472 -0.118468 0.020382 -0.001301 0.029747 0.938923 -0.342837
1607290593.107452 -1.062312 0.193899 -0.091508 0.014857 0.013180 0.926495 -0.375783
1607290595.249044 -0.689013 -0.503570 -0.222340 0.005122 0.078736 0.991305 -0.105301
1607290597.326027 -0.597880 -0.383641 -0.164806 0.089765 0.051119 0.990000 -0.096063
1607290598.428503 -0.548798 -0.742731 0.000575 -0.071690 0.023851 0.993295 -0.087499
1607290599.520981 -0.485399 -0.803860 0.132332 -0.004533 0.044968 0.977884 -0.204208
1607290601.672451 -0.527671 -0.645569 0.095819 -0.043243 0.031151 0.985490 -0.161151
1607290603.763975 -0.533947 -0.499685 0.068889 0.029077 -0.017589 0.999270 -0.017437
1607290604.812069 -0.546665 -0.514496 0.040981 -0.030520 0.002654 0.996969 -0.071519
1607290606.896063 -0.533914 -0.580588 0.085915 0.007731 0.024593 0.986277 -0.163072
1607290610.132826 -0.530305 -0.649253 0.105939 0.012842 0.022612 0.972087 -0.233175
1607290612.314703 -0.563216 -0.484791 0.126940 0.030838 0.008646 0.993626 -0.108083
1607290614.381622 -0.512062 -0.555024 0.093801 -0.008297 0.030116 0.980869 -0.192147
1607290616.527939 -0.488661 -0.665397 0.085429 -0.030379 0.020660 0.965844 -0.256505
1607290617.560814 -0.392510 -0.665443 0.184884 -0.018524 0.054685 0.939267 -0.338296
1607290619.738291 -0.161648 -0.982136 0.361037 -0.046371 0.054725 0.914276 -0.398691
1607290621.811134 -0.198242 -0.879646 0.276475 0.056839 -0.096623 -0.836100 0.537000
1607290623.874857 -0.016864 -0.870874 0.349056 0.051810 -0.096070 -0.823753 0.556343
1607290625.941650 -0.294568 -0.763647 0.200462 0.024298 -0.105644 -0.856521 0.504600
1607290626.974482 -0.359111 -0.734178 0.175027 -0.022530 0.089264 0.882648 -0.460930
1607290629.056889 -0.459894 -0.652435 0.086045 -0.019929 0.065085 0.918793 -0.388827
1607290631.194361 -0.551827 -0.486771 0.130178 -0.026106 0.068723 0.945268 -0.317907
1607290633.262173 -0.574483 -0.446261 0.097197 -0.028493 0.051081 0.975070 -0.214051
1607290635.373999 -0.569355 -0.408300 0.088613 -0.014199 0.055247 0.986363 -0.154384
1607290638.419685 -0.541394 -0.535017 0.100682 -0.029557 0.029701 0.968090 -0.247074
1607290640.529816 -0.452834 -0.636756 0.072601 -0.024816 0.033621 0.947816 -0.316068
1607290641.544567 -0.380440 -0.753544 0.032505 -0.005902 0.038364 0.943360 -0.329493
1607290643.759411 -0.475969 -0.558976 -0.146230 0.008176 0.029473 0.989132 -0.143814
1607290645.802034 -0.483342 -0.579297 -0.199207 0.043246 0.035270 0.973280 -0.222738
1607290647.961065 0.054047 -0.788010 0.485109 -0.009436 0.052429 0.884547 -0.463400
1607290648.963455 0.241821 -0.818557 0.565571 0.038841 -0.079268 -0.786178 0.611664
1607290651.027596 0.314371 -0.783579 0.553047 0.050024 -0.114391 -0.634736 0.762576
1607290653.216732 0.542030 -0.558281 0.546719 0.075464 -0.099994 -0.488512 0.863518
1607290655.385986 0.393521 -0.536171 0.464059 0.053136 -0.109611 -0.541582 0.831776
1607290657.445435 0.012028 -0.700094 0.239529 0.041567 -0.091503 -0.616990 0.780528
1607290659.569324 -0.091854 -0.719142 0.206355 0.036034 -0.075679 -0.687547 0.721286
1607290660.607376 -0.005690 -0.743532 0.231041 0.009292 -0.071794 -0.651168 0.755473
1607290662.717972 0.291982 -0.719952 0.317491 -0.018337 -0.077235 -0.489458 0.868406
1607290664.819727 0.686842 -0.564904 0.349864 -0.013248 -0.058526 -0.559242 0.826830
1607290667.026739 1.228889 -0.993757 0.437669 -0.027604 -0.065186 -0.667144 0.741558
1607290669.205629 1.872829 -1.161480 0.587135 -0.017722 -0.111168 -0.582349 0.805107
1607290671.334126 1.907497 -1.186096 0.600959 -0.025632 -0.122314 -0.510021 0.851035
1607290673.340517 1.888963 -1.184028 0.566416 0.002808 -0.068678 -0.518872 0.852084
1607290675.456951 1.292740 -1.054210 0.540517 0.032951 -0.027598 -0.713616 0.699217
1607290676.573595 0.908213 -1.113922 0.471361 0.037921 -0.014537 -0.855066 0.516926
1607290679.865284 0.148264 -0.609536 0.149957 0.005038 0.017404 0.948712 -0.315622
1607290680.906849 -0.050928 -0.592043 0.095678 -0.000680 0.013636 0.967413 -0.252835
1607290683.991497 -0.221652 -0.485766 0.037261 -0.017414 0.033766 0.976229 -0.213385
1607290686.077261 -0.248838 -0.406749 0.068159 0.020044 0.036418 0.989918 -0.135401
1607290688.234192 -0.263506 -0.451586 -0.028615 -0.007006 0.029743 0.969730 -0.242260
1607290689.326406 -0.311612 -0.489893 -0.218305 -0.002110 0.031154 0.960955 -0.274937
1607290691.667757 -0.380779 -0.459895 -0.336248 0.029500 0.048890 0.971098 -0.231753
1607290693.691891 -0.422121 -0.300029 -0.224534 0.026898 0.061405 0.964379 -0.255889
